030058
030158
280070
020236
090172
430069
370128
110088
260112
320035
050024
160123
370165
420019
340036
220131
230123
200021
250022
410106
090089
040217
070096
310068
240120
260009
080166
350114
390160
170111
110186
100040
040181
100042
090064
420024
090152
330057
120189
000054
210058
040262
030057
330175
250137
060009
420178
020200
170041
040240
400136
000036
040131
430102
190099
300179
060148
210074
280026
050025
260111
420151
340082
260057
320025
170094
330173
250197
400023
080032
140052
190085
340238
340050
130087
120046
220038
410063
370075
370157
110096
410150
210128
110002
060074
420008
040220
280104
390116
230054
020020
120076
260115
050157
030003
160001
150062
030085
330180
310185
370101
420162
080075
400006
200119
420050
160045
280096
230162
380100
210070
060214
010100
030109
270020
420116
390102
220103
270025
280061
110098
040089
340178
060093
040238
190188
120239
220024
330143
020280
090177
230052
340040
150094
210102
400081
160011
060014
400003
200064
310003
160124
190123
280033
030211
410066
220141
270057
270101
370110
370102
110189
240023
300154
150081
120127
150010
020147
350052
390046
000069
130184
180107
210030
330119
200150
150042
380093
420015
330164
410022
400093
010022
250124
400166
080122
110073
400028
300183
060200
360117
260089
040149
290078
420006
150053
310083
120243
310021
080123
220012
280027
370027
330089
060021
430029
190194
380006
400133
110187
250184
250091
270075
110147
280011
170035
370085
290069
210033
340174
190080
100004
150017
320101
300103
020209
190050
300167
340216
370069
380077
340147
400072
130046
010111
260118
230103
300073
310098
250132
040188
350087
120066
290039
030054
170105
110142
250195
050134
010123
300037
000000
220128
230138
430001
410038
340209
200059
110017
280017
420026
240024
130155
040248
300075
240064
320011
060136
020167
390111
200079
000028
050037
200056
430083
280088
180119
240108
340032
020110
310110
330177
330140
010025
010049
420033
250004
050175
140079
120063
310036
000038
320126
150096
330087
280029
050017
130017
390170
400146
130000
060209
030199
250072
360105
200097
300188
210144
180089
170021
030191
170052
250035
360055
230203
400098
020013
220055
320156
020094
410005
380131
340001
020138
170005
070074
340158
370095
410020
120220
330116
220023
220002
410127
250117
250161
060190
200110
340010
000050
110118
060191
090042
400189
370103
040007
310135
190096
390007
020273
040088
030173
410163
300119
280073
040207
080124
070048
410159
030006
120116
040237
080084
230128
170029
400057
380099
060015
030111
410072
090153
240102
120026
150029
270033
400101
320131
190093
150093
340109
330124
060037
430068
030065
410130
090128
030095
310151
220044
370139
250133
340214
090102
310018
090125
020260
120198
250067
210006
210022
050155
250060
360054
020117
070162
200013
140021
250135
170042
110055
150059
330086
220025
400178
360083
240104
090037
050102
060077
120143
210026
330201
190070
180093
320056
000010
220148
140033
130111
260037
080151
050050
180085
270051
320010
140039
350115
160115
060206
040061
360088
390140
090047
270078
050026
040092
100020
200106
300083
100049
340116
330022
210035
050162
400001
040133
010099
060192
250039
300124
040032
010156
050112
310174
310048
240028
310178
410017
240050
230097
140020
200153
060088
420133
400196
400002
270102
080179
190053
160029
410172
330114
170119
300187
410013
040139
310121
130188
090011
250082
060208
210174
360075
140082
370054
170047
360019
150063
020027
040018
130010
010096
180117
130047
150065
110164
120166
170003
120226
070109
320006
270068
350100
110129
020115
180114
410139
300072
000044
080082
030148
390066
310041
020196
280020
030123
420171
400108
240114
310162
300123
250054
170057
280056
240048
000067
110069
270056
430074
380113
340092
190067
050127
030119
000112
410146
150056
020248
070086
340226
170027
320160
370076
290097
050126
300086
040163
040230
120112
380150
000066
330109
130153
160137
420114
230038
020048
020233
130173
360058
350113
160053
060224
260031
190047
030177
130037
170050
130019
240007
410155
020059
110197
070110
280068
140035
040162
300084
070009
070165
070154
070007
150099
060041
040143
430087
390068
120094
080089
410007
420130
410124
060050
260122
200030
350023
340054
420096
070117
020168
050148
040153
090061
090117
390037
230156
340083
090025
270008
410121
430044
390063
400049
190079
230088
120002
250079
190004
080161
100057
130094
170130
400145
320148
040222
400119
340205
110167
330000
340218
220060
160121
340005
150023
180063
020271
060183
150105
340105
100123
040050
220144
350001
180049
220152
050109
340168
420017
040110
240067
190146
200005
090006
420057
130074
220026
420016
430009
050051
170077
010009
120079
210166
400154
320089
330021
060101
320159
110210
390089
390097
190071
410157
110119
360111
010002
050094
090174
200087
120233
350010
210140
240137
070063
390073
100098
110141
320135
190110
210112
040025
160134
030050
020023
110032
390119
410184
090091
070128
040063
280102
350042
430078
100124
250002
160057
390115
160040
060120
250194
360034
080061
350026
230109
100030
030168
330028
380159
130049
250177
400126
330042
120177
090126
070061
400172
100027
080034
400035
180043
300194
140065
390164
020155
160030
180066
340004
160076
100056
380123
030204
120137
080182
020201
360074
340203
100102
360003
080144
070132
420067
110135
180018
120085
410015
110070
080106
260002
330083
070092
170064
350096
200133
130139
050182
120152
270079
300056
040158
300029
050006
060110
110092
080095
050081
120171
040246
300044
080133
040052
350063
280025
270100
330014
330097
400033
400068
360049
160002
260146
400186
380153
020230
300156
310097
010152
380103
050043
070083
410145
190145
170004
350129
000089
170002
340232
280069
110095
220151
030055
100014
340107
290024
080175
150070
390064
330056
140026
210168
010029
260020
130159
030118
040236
200067
310164
310058
150022
110059
110031
420137
200066
170117
340090
380152
240117
360031
240128
250208
420166
400192
330200
350067
350079
300078
360061
110125
320076
190166
090005
250127
090156
190122
330176
190163
390081
400117
060171
190124
060045
380115
310059
380144
010124
170141
050009
290109
090033
310013
320036
240017
010012
420127
410079
400037
250044
050080
030162
380164
160088
110035
040100
040138
370174
080045
350071
210147
070114
080026
000098
170083
370058
320161
200065
290080
190187
300048
390139
180074
370077
340080
160010
020213
190154
430059
280058
140085
190013
370013
100031
010063
120052
020053
290064
060083
120114
130148
080001
020268
430034
110163
030079
200140
110043
210172
140056
120016
280059
390017
430060
010113
130131
250050
280012
400014
010165
340212
410099
000046
300106
370037
130157
030023
160013
360121
330092
260012
350044
350043
260008
340195
240042
020033
070148
090116
190186
010026
150068
240099
110041
280018
090158
130045
410186
040140
210071
040056
030210
220098
250078
380046
230012
060082
220162
320165
300150
160135
050159
190076
120018
230044
310149
010157
320139
090073
360082
110201
390124
020232
250152
130126
330159
430047
200041
170025
020177
100067
130001
210156
310099
030086
110123
430073
180108
340113
400066
250006
030154
110030
410027
220061
280065
140045
050015
250003
220164
250192
430010
200002
170074
070137
220086
290023
040062
030018
340240
000030
340073
230106
040223
360085
230055
410158
100005
320016
410023
300178
240083
030114
190081
350116
110014
130181
000068
100023
350003
030176
410093
260138
300104
140031
130062
120231
030174
250125
170066
420100
330111
230180
000104
180031
120017
020171
040093
260101
340246
260018
020134
360112
120073
240093
020157
330153
170087
250217
420009
240088
120060
280048
320003
160133
100116
360081
070152
360043
200003
270024
360076
240121
200051
300034
320073
280087
040022
060040
120126
410073
340031
390131
380065
360109
030178
420143
290096
060196
120035
060147
020112
250120
020190
230094
380042
420172
370109
150054
000019
380071
330033
070067
020282
020184
030040
110006
020075
030198
330019
370032
070167
290048
090159
080137
120151
360040
240069
010085
090168
060217
330135
350050
220063
150121
070042
320082
270018
340023
230020
220037
270044
430027
090164
010130
050108
140001
060089
120100
040013
420081
270027
360067
060162
010067
220149
010148
170081
210005
080103
280006
320047
310107
390011
130120
300118
250018
150113
430015
200164
030061
120172
400094
120048
130152
120122
120083
340041
320084
400061
100134
410164
160105
020251
220074
360110
380018
230199
150000
080007
060102
390044
000111
280032
000058
090170
080162
030129
110102
040174
340038
110028
240031
340016
210024
080087
030076
330191
170069
150097
270011
210130
180051
260007
220163
210050
250020
100085
290098
330148
220070
200091
170018
370042
080109
020128
380080
370091
090165
390065
270082
120033
320162
160052
220014
090176
120053
420069
310181
090013
130053
330133
300021
410166
420186
300016
220066
040083
320051
370134
020159
310155
150015
020243
390048
050189
410170
390142
210045
210061
030013
240090
170084
300023
250199
070002
290025
420125
100110
010129
240091
060069
070085
420001
030117
240060
180083
200009
170135
080152
410101
220068
200062
160145
370029
000070
200063
320041
200132
150052
430045
330160
210068
190084
370118
190095
070021
100080
110005
070010
170106
350057
030124
400046
390050
250165
230062
250027
220007
030110
380088
310074
150038
220088
370097
300138
300028
400197
300004
420188
360002
180059
230064
010112
370024
270073
170008
390033
230117
020016
430064
160044
080073
040249
220015
160094
200176
000011
120238
420076
060000
190112
270035
300135
090104
000101
370172
060008
240021
020050
040040
260094
030196
060019
410059
250181
000043
020080
350098
360090
000106
120139
150107
110025
330117
180003
020026
290026
050089
380114
380002
330105
160065
110046
310177
310090
330079
390074
310045
300031
110104
110018
070157
010125
250097
320070
020029
170107
110020
100015
250093
130083
310176
300040
220106
030194
000021
310054
060107
140073
080013
240043
080189
060001
240037
090038
080069
420118
400115
230159
390109
020121
230160
110181
010142
120049
030108
130190
190044
190008
230078
220032
290020
380028
420169
340033
160107
250216
070093
330023
060219
220138
360016
320108
150003
380116
250149
230183
230114
130174
300038
020238
020237
360073
050057
060058
030041
220034
380143
130035
040101
220105
030020
320028
170070
190176
220129
190140
370126
040087
270074
370041
300107
040147
100126
380146
290060
270070
360037
290052
030171
330102
290044
260033
200166
220017
210118
390159
270005
070127
430092
090157
400056
150128
280091
320111
020188
120120
280080
410183
370036
080068
050062
240010
310017
430022
030028
410021
400032
390009
020096
120169
190097
090169
020072
110000
380142
280014
150005
040004
200151
260081
030036
330120
100008
210088
190054
160039
380140
140047
380125
300160
260011
060222
050142
050097
300201
100106
160074
020032
100137
100060
320100
010023
070099
360097
170136
040186
430030
240116
070145
090068
000026
060130
070122
280054
280052
110133
190023
320049
030214
370008
200122
030022
270064
200154
050132
280051
190002
320124
010050
010073
290019
110105
020065
140070
230091
200117
370021
170096
080178
330004
060031
050154
340239
250220
040066
120058
020062
010046
410090
030014
320117
240003
060165
030060
040165
380160
420148
110067
400018
220119
130166
410067
100025
060189
340243
340068
110198
110127
250013
420192
220111
130149
110111
410103
110177
250110
030134
410051
020276
320149
030152
320090
210173
010062
390105
370167
430082
340149
060027
260130
390128
250205
390153
290076
250144
060215
250202
180046
000057
180026
120093
240134
330125
210053
420109
080100
410031
110087
420155
040085
030153
390095
390113
200053
300070
010064
050016
200127
000107
430033
290102
170056
070049
060133
110144
360041
070123
000009
170023
080044
170128
260067
160103
040051
160033
240136
010005
040169
240071
390020
040005
050158
080023
060179
320103
240000
250069
030002
320140
340098
300114
330154
360047
090058
390036
190108
100009
050123
050149
150074
400048
150072
110108
200123
030063
260062
330151
300092
160132
160054
400199
320113
110079
350081
120221
120148
160096
170034
340028
400058
180008
360020
400157
030015
310117
040074
080101
240018
210132
020140
340133
310051
230143
370044
150086
150085
300209
360102
190021
260064
320092
310046
080014
160008
230210
280010
070060
270007
090145
310088
100081
100097
080159
330203
000121
040037
280034
190055
020055
140089
180021
030139
100072
220005
330199
340139
080077
210176
160000
020039
210080
410107
260066
030167
420054
170038
210039
340006
250017
420018
270030
240040
370040
070125
150037
100018
390161
170073
230108
010131
310040
020093
010016
310071
110192
270036
200074
390144
250169
040112
030113
060062
420040
360100
040117
150048
010011
180091
150080
170015
400077
310063
330128
320107
210135
310008
170099
240111
390077
290051
400092
070037
390032
260133
310101
010072
160038
010015
300116
360123
160028
040077
410003
010154
410008
020261
150026
210165
370047
370082
110137
320039
240041
030052
220101
360039
180098
200034
040259
430072
200165
420129
070000
320001
260135
300120
090154
390031
120224
050067
330030
340135
010084
110053
250066
200101
040167
220003
020035
180060
390025
080180
140057
100144
150067
150102
290101
020267
340194
300066
240089
340059
360038
030193
230034
230003
420180
100003
350095
340071
250092
060223
250159
380117
060091
340197
240002
050192
430050
350088
020220
030125
340211
010058
220125
430056
340008
220018
090099
430061
070138
170125
140036
420070
130003
340188
250048
380012
220027
260091
020007
340111
160109
370081
110150
300204
190115
130169
110148
150064
250058
080181
090088
420177
190036
280007
070079
130055
210180
430008
430062
160128
370170
130038
390167
320057
370090
100109
380022
160126
360080
110152
180023
240059
380024
020086
250211
210000
320152
070166
120113
040195
060004
420068
010118
290061
310065
340118
410187
230092
340070
260003
250201
030062
030091
430024
090111
370039
190001
210019
060112
050053
110058
020041
310073
390055
150049
170009
160141
190101
140088
390173
170098
210082
330038
430000
330178
420078
040241
180032
090166
390071
030010
130018
040145
300166
190184
090049
360094
020120
320022
330126
350038
420063
120201
130124
230129
140068
120194
020183
340172
400036
060126
180105
300053
210142
300062
040208
160020
420104
090070
360012
190141
060157
010037
340091
010140
390145
020063
220083
370104
080185
250166
040106
180057
100073
060111
060188
430096
110016
040161
260113
330147
210107
000048
300091
020077
390018
030016
290111
360116
180073
290027
400051
040141
170089
220093
350066
180120
350089
340152
380121
400131
070098
340148
060123
340013
280009
340122
230105
090057
180121
050013
040171
060131
120213
250179
410043
090043
160075
070026
110212
050090
240035
120039
220051
420075
160062
310001
230127
020156
080115
040189
200095
040144
020149
410118
370033
040142
300126
010110
420165
370000
290018
020131
230135
400010
220150
310130
430052
030157
120187
180006
020090
040058
360103
360046
330066
050121
220058
130178
090106
140011
210116
340154
170140
090112
130160
270049
080145
290112
230141
000102
370018
360119
330085
250185
200054
120095
130052
220078
340002
340066
410117
210126
060072
240038
210175
430016
060156
210027
000105
300193
330009
220001
250156
160027
040097
220071
080141
100050
030187
100070
340167
370088
240109
110168
400075
320055
330082
190134
140023
130056
340207
090109
290033
230048
410036
220108
170001
100038
310000
210115
150077
190177
370117
250146
150036
120193
190028
180106
220079
140029
370043
020203
140003
010167
120234
390165
420041
250064
210148
190117
020208
160041
120082
030103
200130
040119
080002
390129
050035
130030
250134
060158
020104
100044
190179
420046
060063
210103
370131
030175
330197
350126
100125
070094
310091
420074
050011
230047
310124
040039
190178
120119
260086
400152
330181
320048
140086
340132
110208
420021
280044
130033
250015
030195
080171
240097
270043
080017
110202
080096
010139
050074
110183
040081
410125
190126
310129
380064
330050
400041
080112
070147
100051
010143
150079
190043
110022
280106
170082
260060
410132
060220
080173
290046
220097
390138
230186
040034
230041
380101
310179
270042
040071
230133
400091
080155
310084
080062
110128
030056
270034
290017
190183
150073
060103
240084
310006
160022
030106
060099
410053
190139
070153
230158
080107
050144
380158
250038
130098
130081
140091
400029
020166
370050
050130
040082
330194
060125
130147
060052
310067
330182
020212
280055
080154
070075
410042
390103
050120
140067
390133
330061
110115
400162
120128
380074
380134
040104
360096
360069
060011
120141
140075
250175
430100
080076
120099
400124
130163
040054
040012
080080
170006
060163
120011
270096
400043
350008
190160
210007
220135
020031
300068
040075
120047
410044
030000
070025
060098
210014
160014
250219
170039
060173
380061
080113
410097
360072
390061
320130
270010
130022
280046
300015
350028
110211
370163
250115
300203
400000
370173
030026
300207
370145
250053
350107
380095
330118
020256
400195
120132
190169
410110
000012
090130
210113
220020
030005
310132
250045
060198
160136
030112
170123
090003
100017
330104
310153
110121
390058
000056
300089
240101
250014
250204
250042
300158
200125
370074
250221
160104
170101
320034
230014
380048
000045
410045
030170
260058
340190
070055
020231
230015
220040
000085
090040
350130
190083
150040
020101
050150
410171
400179
390107
110206
030048
080021
070013
250150
310075
080168
200001
190114
350069
230198
370023
380043
240032
030147
070144
100013
380050
080125
150131
020179
360060
330052
200099
270092
410012
340045
230116
400150
330156
040033
080128
300111
140049
350037
380069
010083
010108
040156
090050
000090
120225
330067
210133
260129
010047
050139
210162
160113
160024
410177
250206
090094
180058
230083
190136
000023
140071
040070
050136
110140
010021
420189
360035
330062
220161
050117
190068
230017
230030
040205
080136
020193
370071
330122
120045
090026
290021
190024
310039
170058
190051
230080
040068
120070
120103
430042
130122
430081
110214
420158
090019
070058
410054
380013
290011
060194
100129
010039
300100
360051
030039
120005
020235
040019
060096
250040
270066
090039
070052
300014
160130
410178
220013
340196
380094
050119
130084
010018
420082
050076
210171
420083
070090
140022
410138
080104
090000
210146
200031
350124
040123
110184
100103
340020
210016
230147
380076
050047
110004
210034
220084
370057
030161
200019
320018
230201
260052
340067
060203
390045
140061
270077
420185
350002
060213
120156
330174
170068
130114
340052
260061
410143
430067
080071
270084
350049
180022
230058
250158
010133
160119
380090
040135
220041
100046
010007
120144
400165
120006
200128
210036
400176
250019
060024
270040
010107
160049
090069
130171
300039
300059
110122
370141
370096
160099
100055
090188
200096
230188
220155
320134
100062
140041
060228
300071
120088
280077
030182
370064
180020
240112
300129
240079
030164
300006
060115
360084
400050
050167
240013
030184
430002
020079
100071
110011
190119
380029
340117
010000
010171
160058
040098
040114
400004
110199
420134
220118
000118
340170
120062
200071
070076
330070
090113
030094
320157
200113
390154
000022
200134
400027
360098
110049
160082
080127
410049
420152
030141
300042
190086
320087
280100
430035
350004
390067
190052
390076
400139
040178
190133
400121
320102
060013
100011
020164
130143
260029
270026
110156
260063
360008
010060
090147
110124
210052
280083
040000
090124
070072
000024
220045
380109
010045
380130
030144
340087
220110
300041
020191
300186
170067
240027
020217
000037
180053
240029
080086
130013
080016
420059
050066
370063
260024
430003
390021
260108
270047
180062
290055
230082
160095
430077
330171
390123
070112
330098
120081
200112
150019
330020
410034
410004
100047
040109
300026
110019
040229
330189
030089
200036
200170
040099
320005
250099
220081
180027
060097
280000
160093
130039
080072
040157
040235
120038
080040
130115
060178
120023
230115
210099
120197
220016
220000
120028
310161
370119
320074
380058
150057
240068
320099
130164
200148
410064
350073
040150
270083
270085
030126
110182
360120
050091
150098
300061
130064
340223
250129
090115
240132
200104
400020
360018
170100
110009
310035
260034
400169
200039
420047
150002
100090
290054
410033
190182
180050
340129
090060
370056
140027
130195
340162
090141
170054
200080
380001
210020
170122
350035
410085
180019
340225
250141
120207
350072
180033
010134
220082
020224
050070
370053
200107
100021
420117
080008
060033
390012
260095
030097
390099
010055
150001
310010
090082
040026
410019
050044
240046
240100
120186
260143
120196
120217
300017
310184
420173
140084
370144
130175
220011
380126
020133
340074
260013
200068
100130
050038
340047
110173
190061
350039
020216
070116
210002
060046
210091
230163
380041
060030
420084
310133
180096
240074
430063
150013
360057
120179
060119
010066
190064
070029
300184
040115
320133
310105
320137
270022
110100
230076
000008
060106
250032
340206
240019
320045
060010
320061
350033
170065
320007
420003
340230
110089
180042
070068
020091
330131
300147
350011
410188
380054
190089
250007
230190
020263
250119
170014
320013
200044
230002
020162
030104
060060
040191
230033
110012
300074
030213
030186
070119
130076
360087
420146
100045
070103
000060
210025
090118
230154
260103
240034
030081
170045
160069
130167
390062
130141
050032
030200
050124
320116
080117
320020
190007
160067
290068
030203
170091
400009
010044
150091
260083
080183
290049
210145
250033
310119
340095
390157
200098
320072
220140
100036
040260
000007
230043
100043
030070
080025
380111
010034
330134
110126
190032
170079
330168
050156
060167
230170
260021
230193
330186
010042
300144
240105
240124
200083
230166
060174
330093
260054
110158
090136
060166
350018
050131
080110
340086
050187
280081
270009
150115
140043
300069
420147
100039
180084
260001
140004
030180
100104
020040
020008
390127
080129
110166
410037
350110
380030
200008
260100
180090
380091
310014
400089
040137
310120
260119
120050
260087
200032
230007
130177
250203
220127
380063
370051
330152
380004
350051
330144
390059
360063
400138
420105
410149
000117
290070
130008
020197
320127
200018
010038
060164
150021
280039
300121
390118
110207
030082
100119
280022
140093
130071
020275
310104
050151
340076
120007
310106
090086
410135
410046
110179
200028
330090
140030
140032
060117
250037
190069
190198
010031
020098
390130
420102
190190
070018
340241
180116
080074
410129
280041
120102
050010
110038
290085
230164
290089
020214
360009
200072
230070
080064
000086
230131
320112
060064
120032
050049
390175
350119
080164
420062
130048
000041
150104
130086
410006
280005
360022
110047
250138
180115
070044
100032
010020
350065
180087
050087
030197
390001
120115
050180
300151
290007
200084
360104
080094
370140
230057
040243
250160
240065
010127
030206
130050
010079
300020
180078
400137
190147
050099
300079
430014
080050
290030
180011
130194
170132
270016
350029
030138
190180
300205
250116
100019
050082
180054
040261
290008
230023
220104
380168
400164
320058
050095
160122
320068
050069
020255
160042
040179
120202
050168
050030
130132
340063
420092
020036
420027
310126
020281
300094
380105
030080
250101
060143
200038
340193
310102
410128
070143
250154
400175
090009
120124
210021
070003
230209
370046
160089
300115
040193
370142
050055
240094
020103
380110
260076
220094
390004
200173
060092
110023
150006
010057
400083
320053
360107
080119
340233
350016
340159
340176
370137
190143
260127
160031
080015
160047
110151
200027
030120
120212
250207
230001
290029
180005
150066
410131
270090
010160
150009
190185
230167
340022
060128
210109
230028
190149
400114
000072
150119
200033
410048
330192
010172
420139
400088
290066
080042
120072
000084
050029
260016
010169
330055
060114
160081
040059
300177
130085
220010
090028
300030
110195
170049
170086
090173
040152
360062
370166
020049
010043
420071
160012
100077
070017
050105
130156
090048
230111
220073
170139
380112
250049
020181
300146
090095
340130
070014
010115
000020
230036
010153
190171
370143
380025
040154
020234
090148
190077
090027
230152
340120
200145
170013
020089
170097
310141
090008
370052
310116
270099
400174
110051
230065
340137
020100
030027
390027
090123
310024
110112
370078
220120
070151
360106
220054
410182
430031
390038
330068
210015
100128
120140
410040
310103
260154
390049
050152
130186
390035
370133
050020
020116
270062
290108
190138
020249
230174
080024
410123
200156
220069
120092
260106
230005
210125
070142
230060
240045
210049
380154
300065
100074
070078
190113
020092
350009
140062
400113
200016
180035
320128
310007
230178
020283
310044
110172
290062
230079
220076
150028
140050
020239
130116
290088
370070
060035
050040
260090
330193
100022
390158
350017
380149
280037
260078
230182
070030
260085
280097
300136
160006
310009
370014
210127
360108
180070
220095
110090
070164
370019
420136
350074
400198
430089
030188
340144
080005
060042
300190
240061
270089
060018
000088
040187
000040
430057
070036
300055
300182
360118
330196
030034
180071
310056
160009
260147
230072
390054
270021
130137
230179
420035
270004
380098
160111
110033
330142
210038
100093
090110
020227
380124
240016
110064
200172
390013
190121
130133
010006
120025
290092
010137
180103
340039
410112
250155
310089
020165
300022
170131
430023
040084
040227
240054
020002
040122
140005
130020
320062
000074
410047
130170
400151
320120
310118
120154
020043
030043
150111
210076
360023
070081
240139
160129
420014
230071
330198
410082
040027
050019
070082
040263
010001
000001
120069
030064
130034
050058
330051
390079
280062
080167
320030
310152
060080
110145
170137
040116
160077
200093
420149
030019
270095
080134
050135
390126
180099
030209
240103
310093
070101
330013
210163
430093
310140
330018
040011
320075
290053
330044
030151
040234
340108
130089
250182
130128
120074
230113
400181
410119
300155
150103
160090
200155
050003
200088
310143
170011
150050
400194
290015
250102
130136
150055
020185
080184
410096
010126
220028
020270
230009
070051
030047
030149
350007
370168
280021
250139
290059
420176
040233
370108
270055
180038
150082
290067
430075
120203
250189
410122
350061
150126
190027
400148
380118
320095
380166
200142
330165
220136
250171
330027
130172
420142
090139
240087
240135
150101
290075
190078
190159
220100
210060
070016
100063
100053
230157
190042
360059
300046
250043
020044
040124
040224
350064
330081
280047
120130
250122
410161
380026
040055
150004
400128
310111
310165
190025
430012
340042
220109
170103
290045
040192
100138
410153
420120
270023
080142
410092
190087
330036
130027
300206
130079
380059
230016
330145
020218
320037
140053
330088
060067
120182
100122
250170
010075
370148
200109
280076
350083
050138
400167
300145
410134
300159
110045
300168
330094
090092
310079
260139
230018
000042
080102
370026
280002
240005
210158
140015
200020
100082
240098
410086
320017
140054
010027
300165
190106
130054
000115
160071
420011
080118
350080
120232
040209
040053
060034
120064
370098
220143
410144
230026
410068
060195
020136
150123
200024
390096
250030
070163
000031
420036
380056
100108
390169
300007
210042
130189
400024
250187
090160
200174
040159
050181
040232
190022
110114
200086
200100
020178
160063
270006
310113
090087
040035
130063
040003
130070
420045
230169
400059
060193
080088
100069
290035
280090
310042
050146
060187
340128
080004
110037
210023
210072
190168
300134
320146
060221
080163
120041
070064
050002
120149
260131
040107
040009
390024
420160
120214
350123
170036
380132
030121
260098
180113
330139
400082
310095
000018
060057
320060
210065
210008
370162
090182
030037
190045
280107
170126
190100
350055
410148
010138
430065
080036
400171
230124
430019
290014
130142
310186
390120
320040
230069
130095
310043
340110
110176
240022
050021
430049
010098
200171
190011
420002
310127
110071
160144
120096
070131
380000
060225
170024
120200
180081
310147
080028
130004
380027
070134
020022
090066
180082
230181
050122
220160
210013
100107
060129
400071
280084
180007
160051
070129
040247
060155
250062
370030
110188
360095
070054
070020
380031
230175
220006
040221
020210
130176
380089
020187
100133
110143
180077
040130
040155
320110
180002
240072
010036
200040
380147
020123
080039
400104
040168
320065
360079
430005
080177
130024
000109
270014
080010
020085
200050
430079
020109
420119
380133
060161
160138
370031
380008
370149
130123
430020
200144
220146
420052
080120
030068
160046
260059
370035
080079
420103
340199
390108
010040
060141
310160
020127
330037
390028
050174
110113
120181
100010
120168
170071
420020
110138
040079
420184
330078
040173
380011
130145
220156
170092
050045
080065
020012
140012
310016
220096
350077
250148
320136
120044
040030
150084
110075
310139
420094
110139
350005
050186
420053
080033
260039
100078
280082
180016
300140
110175
240138
210104
380062
190150
290050
390022
430071
040194
000032
070097
060002
110116
380163
370007
410169
160059
090121
380165
170046
220121
320129
000017
080140
250136
110154
180015
360004
060025
050166
210164
080139
150044
290107
150039
330001
190005
370161
050140
130090
340151
020146
170115
020021
060116
170121
120004
250131
030140
210134
320026
020130
260055
400184
020143
320079
230122
300117
170030
070045
180014
420182
230205
380151
350078
390163
220089
300142
340057
030135
170059
360015
190191
250140
040172
230102
050059
160017
370065
200157
050107
080085
210139
290047
300108
140058
370025
250010
400107
350006
360013
340217
350084
430088
040183
040072
050125
250073
130031
080056
160068
070168
130106
130002
250178
020057
370130
030032
120043
390006
240025
070149
150075
110034
340220
200138
430076
410055
040008
310027
150041
310142
250041
130080
210159
400106
240107
110155
280095
340060
310115
080143
030122
340140
150014
330069
400160
160140
010051
240129
340169
340053
110153
200042
190049
250174
110117
380096
010144
340044
270088
100068
400163
260142
140002
110050
400087
040024
330113
150129
360007
020145
190006
050106
130185
410156
200114
110074
140019
020054
390053
330035
430013
310145
120195
310012
270059
320019
010032
090041
360056
360099
030098
010017
230142
130059
370111
220067
250162
020001
220059
420065
060207
310150
320138
110191
010071
070089
020015
170133
110036
090081
060216
330167
320038
130011
060005
300202
280040
120159
420087
000004
110130
110021
270038
230177
250168
270002
060061
310172
050039
190073
190165
010141
060146
050084
350106
030073
380072
320109
230035
190107
260152
020137
300090
000047
220035
250114
320093
210149
300163
410088
020250
260140
090062
060124
340175
370083
230191
250076
430043
020006
350131
230077
210062
330080
070056
020202
050054
240063
300047
420004
410052
410114
360000
250070
060137
170055
120176
330040
110044
090134
010094
190082
330155
040215
030212
020153
010136
190074
210029
410152
020038
430104050007
390072
390114
010008
040047
230059
270071
400116
070100
060036
010128
340155
200120
320046
380009
320023
050188
090098
370034
250094
420088
390052
070077
150090
300195
210178
140017
210090
020125
010054
130183
320096
260044
350048
040041
180017
280079
390150
130065
390098
230085
020009
040016
190127
230074
420031
320086
370160
170010
410070
190109
110048
080081
120051
050100
250153
390010
060065
250063
120170
050116
350031
300077
070133
350111
180061
160021
280008
400069
410081
230196
230130
090016
280024
380060
130187
300097
430085
030137
010003
190033
260038
190158
020078
310146
130158
330091
040252
340242
010081
110200
200023
200163
030007
300127
400052
190048
150106
420167
260155
220033
430048
190157
300149
020264
060132
160032
020118
310170
050041
290073
140076
020087
300210
050073
180094
410011
030072
010102
010004
410028
010105
260070
290013
230066
160034
250224
410168
350060
120111
270072
050176
020240
040028
380106
060184
090012
180101
340101
020105
020019
340229
050061
060152
310033
370068
050103
190197
180104
330073
160100
250145
330024
380020
300199
260126
260005
110213
230027
310136
130150
110099
100096
240011
290105
200146
300087
250210
320123
410173
100089
100136
310076
190030
430051
010106
330003
000120
010048
420073
080153
370094
250026
410075
030029
130162
330065
340103
260123
110094
140009
210064
250111
160026
020083
370112
140040
200022
120236
360068
020242
410147
060181
400173
430017
200108
080063
130082
090036
240066
140081
020245
090031
090059
390029
010059
260141
400170
270094
150132
300169
370015
430025
110015
000080
410165
000087
370171
220039
100041
180110
320163
330095
060085
030009
040132
150095
030044
130102
330157
320027
400022
200081
050145
320052
300076
340097
080048
130060
340030
370072
420051
150025
300009
390137
120019
290086
230099
240096
150035
020274
080150
120150
230010
120110
120097
030201
060176
130101
370010
170020
300162
320106
010170
030031
410029
120117
210108
360122
130016
070170
160005
080003
250163
020069
350013
230202
380007
340208
390026
090030
230090
350041
400038
320080
380049
210096
430006
190181
080006
020259
130042
210106
130015
170118
140074
230025
030183
100052
230004
030088
170093
160139
370146
040010
310100
330169
070146
310138
110107
200121
380141
010041
410030
030107
370129
390041
410083
110026
350076
120241
080070
390086
100087
060159
110091
020119
110007
090001
200102
160035
200118
040148
340106
210083
020241
220114
290094
090180
370100
410026
130109
140037
190116
400109
380102
040204
340046
420174
400073
210073
180047
110093
410084
340062
030159
240086
020129
420097
340180
310019
160079
110103
010135
330031
310028
400112
220158
090021
200162
120229
320044
350047
280060
110204
400011
360077
260075
350059
270054
120134
290016
400078
400105
360027
070169
000005
420085
080030
300131
210051
320033
100083
060086
080066
000059
430021
040182
080188
260148
020082
300099
010161
420150
010091
040218
410091
090065
180039
040166
210114
340146
060056
220130
210152
280031
120167
180055
380023
040105
420187
260150
310123
130138
230148
060003
340025
040045
410069
380083
130154
040020
300085
380047
120055
330202
100105
120020
040002
340018
420029
050083
000025
300208
330071
090046
400040
120091
090184
360093
310020
140024
360005
020011
230096
400200
340035
210017
380005
050068
150007
190058
220142
120057
040094
230084
290090
160078
000033
110080
360026
260149
010074
380017
040021
210153
120021
380084
310109
200141
130140
060071
390069
060012
140063
160043
320085
430018
400140
050056
350046
230000
410041
030190
410113
160101
100132
190156
210087
120240
320125
230194
030024
250172
200078
370002
120138
110039
260151
030090
090137
160108
190010
110193
060090
120222
230136
030001
120146
040069
330150
380057
010070
380137
260043
300192
320119
070022
110196
110013
300052
380148
020246
080055
350068
340182
240092
410016
010010
120061
060029
040226
240085
040090
210121
400168
250190
310125
210009
190170
020081
290043
000065
050096
350015
080067
190151
190091
190175
140044
120173
020169
020252
230011
310134
410001
200000
060168
120107
290103
290084
420140
220008
020211
260025
070070
020222
190065
360010
080051
260080
260156
040091
210119
400130
390112
010163
210123
080169
430086
090181
410002
060151
030100
090100
090108
040029
010104
150061
050173
200115
250089
070012
200006
050171
070041
310158
000103
040129
340227
100026
020064
110136
030025
090079
230211
430103
050092
020258
230042
260040
100113
210122
350103
060160
080121
020207
340236
390166
230040
